100
869.5552443647667 635.9257422616669
1661.105009858045 2249.315025619895
632.999381642157 1835.8871726641273
1879.2914447558815 40.28795426187972
451.7434617733874 187.06592805383207
721.6417839782522 1437.6314457863994
2004.160539702741 989.030368064553
2022.0941356245576 2476.454085714447
469.0824650899711 1979.7674157782922
958.1094318889138 871.2952696881046
2288.8155038279738 1227.9694991370477
537.16521651678 2430.0596650110315
374.56421276996736 2134.4143073947566
1960.6496752923733 2299.4987286589853
778.7270343351568 2416.4635437158777
48.34364785095671 958.7514906172141
822.0765669984472 1012.5031244688669
1730.5875700701858 1082.0304728564588
761.5960534025802 705.371750912707
2522.9673303809905 1029.589914174768
979.6739886825948 388.92654794942524
1437.6132424620794 1630.5497089678643
613.7532754748322 1854.9827599440089
1910.503946421058 956.7809678187715
2126.1084258552833 2060.9190013832163
1145.732888182327 516.583912357181
2625.2907469111383 2459.8981835846125
459.79056403388097 141.06024657813407
281.60341042330464 1356.8797407498591
1471.1991832878045 319.3483495110252
1956.1035305415003 1926.7025007956724
1981.9139173955084 1848.4899161198075
2730.835363367891 1035.0104496218214
1337.244297642236 1687.0231690169992
536.0949148381527 2140.1182181793265
929.2289460895162 842.4443262433691
1595.3370436302268 515.9467897970502
2560.211885846838 1420.6750387815966
603.2309510346024 57.140143719013686
2355.6212777748688 2386.348524756506
2419.737949091306 1817.6028013282144
1692.7635631577232 209.82482854340225
1232.3014413349888 1031.282898994174
2118.192821879342 2595.5793615818952
753.3246426190269 1831.5197582455492
1415.9087863278462 1294.3318905202893
571.5844907613728 1994.295068326037
2613.831839582315 1568.697967865453
2547.5904745533403 1674.6050844651775
841.1032198998104 508.7555353064669
1794.3499559761083 2572.5599679738393
1631.1183849752201 887.8904014664082
2194.4128244602543 1026.4181449185608
2084.1589487970664 2552.263886215559
1456.6852202086804 1241.9731636379358
2667.5294117239173 2029.549843035086
1156.0810881844943 2549.1417282297025
2171.313548816975 2257.9834278002977
2010.7819396687842 992.512623690186
1674.5053669826789 2595.2789998858716
1420.6570029569568 535.8915775508428
1780.0444456267373 2527.1117962292187
1627.7021301019552 753.2963318486026
1960.8902044892875 1221.6816119196724
574.474626395506 2048.2938483759526
2261.6656082345585 692.507258454811
2176.931806007235 653.6594369828406
1383.3161614937053 2418.298305796837
195.89650135424915 1709.4165744205977
1532.430648145326 2748.440293827931
728.079152035831 2187.0300475745034
140.3490552973195 973.1528452844158
1539.656521873853 341.7192509509712
698.2580819517642 357.1273452874646
957.3224426398758 1219.8583719563264
656.6005490884608 1149.3837877953702
2737.298235935866 2082.972669253597
508.3211409540997 2283.9561644564246
2729.543618440356 968.2825247153935
105.97920502745691 1193.739142760168
2.1832556894346884 110.9373316047449
646.4940796128478 2020.9206693024178
2272.8529302521592 1110.6511528777687
1992.426916907898 2420.9574852380442
1158.515867661832 341.6538457158793
1305.3837279231598 2110.9049500890737
2511.619355338449 268.00611915979925
2719.6685319987573 2672.018193054703
1602.016898902909 795.544708066607
1274.9964173677088 2073.2198456235224
1683.309614481212 2268.270644844445
379.5455145082019 555.9661247642761
69.18756527574763 209.34597607496022
806.3951457170825 1073.5708142260778
2645.6986590874003 1413.1477866642408
484.21851899894637 1039.3217007686264
516.6565231551937 245.05193547429704
333.6562518755406 1804.4651070525667
2495.829251469289 444.09558080755875
1796.1324015390894 1042.5786253737908
